pid	X1	X2	X1Squared	X2Squared	X1X2	sinX1	sinX2	label
0	1.53765443384	-3.60292843212	2.3643811579	12.9810932869	-5.54005887844	0.999450857732	0.445144638224	1
1	0.58596151371	-0.280281003819	0.343350895549	0.078557441102	-0.164233881262	0.553000752551	-0.276625697898	1
2	-0.253306961752	-0.385486957499	0.064164416872	0.148600194402	0.0976465299992	-0.250606756931	-0.376010403649	-1
3	-0.763270724319	0.28262429545	0.582582198602	0.0798764923788	-0.215718850698	-0.691288494739	0.278876787463	-1
4	0.473429519287	-2.54354299743	0.224135509733	6.4696109798	-1.20418833856	0.455941266694	-0.563031712275	-1
5	-0.687049343621	1.37108416205	0.47203680057	1.87987177941	-0.942002473582	-0.634258732587	0.980123721278	-1
6	3.64054725801	0.611691347787	13.2535843378	0.374166304957	2.22689125893	-0.478507855867	0.574252949912	1
7	3.5182742112	-1.28016864305	12.3782534252	1.63883175464	-4.50398432281	-0.367836712676	-0.958064199192	1
8	0.775696325799	1.71235147149	0.601704789858	2.93214756193	1.32826474491	0.700213375468	0.989997789159	-1
9	3.231160488	-1.72102954195	10.4403980992	2.96194268426	-5.56092265463	-0.0894481243177	-0.98873619981	1
10	-0.253159830036	0.147749041706	0.0640898995439	0.021829779325	-0.0374041222863	-0.250464317628	0.147212073307	-1
11	0.409129011072	0.0570842360553	0.1673865477	0.00325861000602	0.0233548170451	0.397810374806	0.0570532385624	1
12	1.97630863023	-1.06749436465	3.90579580194	1.13954421856	-2.10969832559	0.918900419397	-0.875994735671	-1
13	0.21125362024	1.2413026105	0.0446280920647	1.54083217084	0.262229670282	0.209685815071	0.94620627998	-1
14	-3.62692499367	-2.87306302197	13.1545849097	8.2544911282	10.4203840828	0.466502346639	-0.265314050615	1
15	0.636574139446	0.126883212362	0.405226635011	0.0160993495793	0.0807705717196	0.594444074025	0.126543030115	1
16	-1.33707560478	-2.59159220086	1.78777117289	6.71635013555	3.4651547093	-0.972811416371	-0.522687614895	-1
17	1.91381681927	0.210766212672	3.66269481772	0.0444223964042	0.403367922746	0.941743071259	0.209209218262	-1
18	0.581459525696	-1.1576304082	0.338095180022	1.34010816199	-0.673115228083	0.549244191385	-0.915854264075	1
19	-0.695759289482	0.66727959118	0.484080988901	0.445262052806	-0.464265974246	-0.640968429975	0.618851376453	-1
20	-3.14575725443	1.95530702532	9.89578870379	3.82322556326	-6.15092125953	0.00416458880104	0.926982083361	-1
21	0.0193245285581	0.230214207481	0.000373437403992	0.0529985813262	0.00444878102695	0.0193233258302	0.228186084929	1
22	-0.625333297086	0.0548185333046	0.391041732444	0.00300507159367	-0.0342798541728	-0.585367532082	0.0547910818268	-1
23	-0.158368789377	2.85053966104	0.0250806734489	8.12557635916	-0.451436515191	-0.157707619736	0.28696109005	1
24	-1.67646216968	-1.11990764107	2.81052540636	1.25419312452	1.87748279378	-0.994422557194	-0.900060199172	1
25	-1.04389669613	2.72304925369	1.08972031219	7.414997238	-2.84258211931	-0.864370261299	0.406430015523	1
26	3.05967481946	1.56604596909	9.36161000082	2.45249997731	4.79159141774	0.0818262461671	0.999988717072	1
27	0.0180249792168	0.18331635792	0.000324899875767	0.0336048870811	0.00330427354161	0.0180240031804	0.182291360764	1
28	3.75232162012	2.95886866072	14.0799175408	8.75490375141	11.1026268467	-0.573464803812	0.181708889101	-1
29	2.14451239726	-0.824505483389	4.59893342201	0.679809292138	-1.76816223074	0.839889856084	-0.734212134753	-1
30	0.0828603494905	0.299786478536	0.00686583751769	0.089871932713	0.024840412384	0.0827655644193	0.29531621508	1
31	1.02448714421	1.22120606178	1.04957390865	1.49134424532	1.25110991072	0.854447854211	0.939513131218	-1
32	-1.78973039545	1.43111925305	3.2031348884	2.04810231645	-2.5613176267	-0.97612951267	0.990261006717	1
33	-0.39739952963	-0.149935751518	0.15792638615	0.0224807295833	0.0595843971281	-0.387021836475	-0.149374605125	-1
34	0.0128848669969	-1.58926915172	0.000166019797528	2.5257764366	-0.0204775216422	0.012884510476	-0.999829382222	1
35	0.759610034634	-0.774641922023	0.577007404716	0.600070107355	-0.588425777216	0.688638731794	-0.699460212054	1
36	2.20854881006	3.77704338579	4.87768784641	14.2660567381	8.34178467522	0.803435937679	-0.593540325824	-1
37	1.74253992335	0.865618071515	3.03644538448	0.749294645733	1.50837404799	0.985288283146	0.761496024211	-1
38	0.512206726367	-0.0295893198866	0.262355730535	0.000875527851354	-0.0151558486746	0.490101965013	-0.0295850023634	1
39	-0.341360827439	4.45943139088	0.11652721451	19.88652833	-1.5222751895	-0.334769709378	-0.968176465727	-1
40	1.07486039897	4.02933893442	1.15532487727	16.2355722484	4.33097685463	0.879523729151	-0.775651257305	-1
41	2.54186654758	1.94474282229	6.46108554573	3.78202464486	4.94327672364	0.56441639775	0.930892975227	1
42	-1.94236303907	1.14774056118	3.77277417556	1.31730839577	-2.22932884448	-0.931759654262	0.911838658805	1
43	-0.77245810166	-2.83987486921	0.596691518821	8.06488927276	2.19368435042	-0.697897831144	-0.297160831947	-1
44	1.15800758151	3.0263346162	1.34098155883	9.15870120924	3.50451842975	0.916005638105	0.115003017564	1
45	3.37893267682	-0.049137752109	11.4171860345	0.00241451868233	-0.166033156267	-0.235118052101	-0.0491179804927	1
46	-0.704765876574	-4.433245028	0.496694940782	19.6536614782	3.12439981822	-0.64785550067	0.961291659735	1
47	3.46160513448	-1.4890937399	11.982710107	2.21740016621	-5.15465453576	-0.314578407893	-0.996664199893	1
48	1.36543703319	1.28377039118	1.86441829161	1.64806641726	1.75290763423	0.978987780948	0.959090076728	-1
49	-1.12187038364	4.09061813225	1.25859315768	16.7331567039	-4.58914333333	-0.900913760593	-0.812848256048	-1
50	-0.579570055141	-0.041002577577	0.335901448816	0.00168121136796	0.0237638661473	-0.547664253335	-0.0409910895429	-1
51	0.0734493694384	-0.0710275367609	0.0053948098709	0.00504491097833	-0.00521692778785	0.0733833463528	-0.0709678305569	-1
52	-4.60184598642	-1.38121931496	21.1769864828	1.90776679601	6.3561585609	0.993896342475	-0.982084032342	1
53	-0.627486431066	-1.34467442876	0.393739221171	1.80814931936	0.843764958247	-0.587111866122	-0.974543191067	1
54	-0.348102286633	-1.41881874987	0.121175201959	2.01304664499	0.493894051148	-0.34111453093	-0.988473619279	1
55	2.3936468312	3.59235515736	5.72954515252	12.9050155766	8.59882953897	0.680134304051	-0.435652001908	-1
56	-3.54573963866	-0.344268425078	12.5722695851	0.118520748506	1.22068620114	0.393234609044	-0.337508119607	-1
57	0.854582339896	-2.49631911444	0.730310975663	6.23160912111	-2.13331022994	0.754296774038	-0.601417001092	-1
58	-0.488153589149	0.79150488176	0.238293926599	0.62647997785	-0.38637594886	-0.468995937896	0.711411671638	-1
59	0.240846092844	0.125522409292	0.0580068404382	0.0157558752345	0.0302315818424	0.238524383356	0.12519304963	1
60	-1.8615840554	-0.249433896454	3.46549519531	0.0622172687001	0.464342164514	-0.958018325486	-0.246855414883	1
61	0.0236516047987	-4.48228654238	0.000559398409555	20.090892648	-0.106013269895	0.0236493997487	0.973643036334	1
62	-3.48649813458	-3.24777028214	12.1556692424	10.5480118056	11.3233450303	0.33810772622	0.105978238724	1
63	-0.274104175841	-3.13009404366	0.0751330992133	9.79748872218	0.857971848142	-0.27068466437	-0.0114983565401	-1
64	3.71978743265	0.0115686961088	13.8368185441	0.000133834729657	0.0430330903976	-0.546513044769	0.0115684380616	1
65	-0.91554394034	0.501705191965	0.838220706693	0.251708099645	-0.459333148341	-0.792894159303	0.480921287604	-1
66	-0.915306780035	0.571239090447	0.837786501577	0.326314098455	-0.522859012507	-0.79274962115	0.540674825662	-1
67	0.591562639683	0.00428381728884	0.349946356669	1.83510905642e-05	0.00253414626331	0.557658803991	0.00428380418673	1
68	1.8630659129	2.46221665528	3.4710145958	6.06251085754	4.58727192062	0.957592414908	0.62830769494	1
69	-1.29144787496	-0.934731226869	1.66783761374	0.873722466484	1.2071566566	-0.961235293322	-0.804439446615	1
70	-3.1004163966	-3.59603612881	9.61258183233	12.9314758397	11.1492093766	-0.0411646223565	0.438962341258	1
71	-3.38890196165	1.03855110107	11.4846565057	1.07858838953	-3.51954786368	0.244796021976	0.861669860284	-1
72	3.06011372939	1.11081937957	9.3642960368	1.23391969402	3.39923363428	0.0813888002028	0.896062731522	1
73	2.67859452747	1.89614549576	7.1748686426	3.59536774109	5.07900494823	0.446632586067	0.94753917593	1
74	-0.711311879057	3.94688765191	0.505964589287	15.5779221368	-2.8074680721	-0.652828088887	-0.72103507828	-1
75	1.80092708099	0.521924648261	3.24333835103	0.272405338463	0.939948233288	0.973636577665	0.498549463199	-1
76	-3.22656965864	1.55433901892	10.4107517621	2.41596978573	-5.01518311769	0.0848747708541	0.999864581565	-1
77	0.758978532318	1.41841316323	0.576048412519	2.01189590163	1.07654514085	0.688180689271	0.988412134915	-1
78	0.332170790511	0.046709268009	0.110337434069	0.00218175571793	0.0155154544787	0.326095923026	0.0466922851596	1
79	-1.58486208729	-4.20711733368	2.51178783571	17.6998362594	6.66770075892	-0.999901078822	0.875043017442	1
80	2.42308989821	-0.323455968497	5.87136465483	0.104623763557	-0.783762889783	0.658258296221	-0.317845203242	-1
81	5.09251137011	0.294878069506	25.9336720547	0.0869530758758	1.50166992176	-0.928619231768	0.290623184605	-1
82	-1.01699658438	-1.5484573879	1.03428205264	2.39772028213	1.57477587455	-0.850532295619	-0.99975049628	1
83	-0.551188030914	-2.67131028767	0.303808245423	7.13589865302	1.47239425742	-0.523699685315	-0.45313801582	-1
84	1.64479080288	-1.83120016741	2.70533678524	3.35329405312	-3.01194119359	0.997263657594	-0.966286079767	-1
85	-0.811564895694	-1.29534959785	0.658637579923	1.67793058065	1.05126026127	-0.725365280206	-0.962303793721	1
86	1.2643291424	-2.44222593512	1.59852818032	5.96446751817	-3.0877774221	0.953405340626	-0.64373319766	-1
87	-2.01065126188	-3.79768756555	4.0427184969	14.4224308455	7.6358252959	-0.904813442572	0.610027195676	1
88	-2.04254816173	0.225738465608	4.17200299297	0.0509578548549	-0.461081687958	-0.890773538508	0.223826153156	1
89	-0.691746799603	0.0946551702907	0.478513634761	0.00895960126277	-0.0654774111145	-0.637883422634	0.0945138881666	-1
90	-0.813893352157	0.921665328276	0.662422388686	0.849466977346	-0.750137283598	-0.726966138365	0.796609405779	-1
91	-3.63885729928	0.154823755078	13.2412824445	0.0239703951364	-0.563381551267	0.477023248783	0.154205964879	-1
92	0.360463588763	0.415770017086	0.129933998824	0.172864707108	0.149869952459	0.352708066656	0.403894465987	1
93	1.36343398157	4.23388811123	1.85895222211	17.9258085384	5.77262692503	0.97857735715	-0.887686193213	-1
94	-0.533851686802	-0.131566688032	0.284997623502	0.0173097933997	0.0702370983329	-0.508852845681	-0.131187451042	-1
95	0.0915393092587	-1.40604653644	0.00837944513956	1.97696686263	-0.128708528731	0.0914115213734	-0.986459421986	1
96	-4.0809655721	-2.72476691378	16.6542800007	7.4243547344	11.1196799671	0.807188096499	-0.404860021777	1
97	-0.0201586410531	0.198949400981	0.000406370809107	0.0395808641508	-0.00401054956211	-0.020157275767	0.197639564358	-1
98	1.42245988591	-3.73595701643	2.02339212701	13.9573748286	-5.31424899134	0.989018308812	0.559982239341	1
99	-1.39555602081	-1.24798731619	1.94757660721	1.55747234136	1.74163621299	-0.984684671245	-0.948348053451	1
100	0.705321736782	-0.714011821759	0.497478752378	0.509812881611	-0.503608058206	0.648278834441	-0.654870930004	1
101	-1.49924680237	-2.59841758879	2.24774097441	6.75177396573	3.89566926121	-0.997441424573	-0.516856676211	-1
102	-1.59559703727	1.56266698921	2.54592990534	2.44192811915	-2.49338681821	-0.999692478143	0.999966957117	1
103	0.592581117701	-0.320568029317	0.351152381056	0.10276386142	-0.189962561112	0.558503922942	-0.315105703385	1
104	0.707694755935	-0.384064111223	0.500831867578	0.14750524153	-0.271800157456	0.650083831386	-0.374691592149	1
105	0.39158013563	-1.05273333015	0.15333500262	1.10824746441	-0.412229460203	0.381649421642	-0.868780009551	1
106	-0.138322095792	1.35714382541	0.0191330021843	1.84183936284	-0.187722978222	-0.137881431405	0.97726299251	-1
107	-3.29165386698	2.36584069474	10.83498518	5.5972021929	-7.7875286715	0.149498658219	0.700253092689	-1
108	-2.02375001371	-0.452961878113	4.095564118	0.205174463023	0.916681607041	-0.899158424346	-0.437630636861	1
109	-0.242023047428	-0.252600691795	0.0585751554865	0.0638071094955	0.0611351892108	-0.239667201454	-0.24992296233	-1
110	0.496477062648	-0.10116546413	0.246489473735	0.0102344511325	-0.0502263324724	0.476330901519	-0.100992990245	1
111	0.503026978554	-1.04803738503	0.253036141154	1.09838236042	-0.527191079203	0.482079761752	-0.866445015238	1
112	-0.0618820636491	4.52576272525	0.00382938980147	20.4825282453	-0.280063537025	-0.0618425761199	-0.98263580698	-1
113	-2.22012135259	0.517717160233	4.92893882022	0.268031058	-1.14939492203	-0.796492102388	0.494897752721	1
114	-4.41875357072	-1.94483014166	19.5253831187	3.7823642799	8.59372513289	0.957197992154	-0.93086107461	1
115	-2.18436861766	0.0921524886471	4.77146625783	0.00849208116385	-0.20129500424	-0.817596343136	0.0920221162805	1
116	-0.390659371309	1.19963432212	0.152614744391	1.4391225068	-0.468648390079	-0.380798190929	0.931906517438	-1
117	-1.79039921707	-2.65547066688	3.20552935647	7.05152446264	4.75435260292	-0.975984033487	-0.467200659336	-1
118	0.473338972652	2.70798004522	0.224049783031	7.33315592531	1.28179249257	0.455860677426	0.420151812286	1
119	0.523457505207	-1.37962885105	0.274007759757	1.90337576666	-0.722177076484	0.499877651263	-0.981783077753	1
120	-0.0473070817755	0.0660340967522	0.00223795998611	0.00436050193388	-0.00312388041503	-0.0472894385239	0.0659861169131	-1
121	0.123185823546	0.0638360816531	0.0151747471228	0.00407504532082	0.00786370029042	0.122874507561	0.0637927346651	-1
122	-2.30796292782	-2.41399416626	5.32669287619	5.82736783475	5.57140904371	-0.740376118586	-0.665078167947	-1
123	-0.931198749158	2.46950687057	0.867131110434	6.09846418377	-2.29960170891	-0.802336017732	0.62261951698	1
124	-3.58434570612	0.816914652515	12.847534141	0.667349549494	-2.92810452701	0.428428676612	0.72903746356	-1
125	4.20543790314	1.91592926315	17.6857079571	3.6707849414	8.05732154299	-0.874228863572	0.941030485657	-1
126	-0.503920968043	0.201987354217	0.253936342033	0.0407988912638	-0.10178566307	-0.48286281763	0.20061667663	-1
127	-2.24604707797	3.6705653968	5.04472747646	13.4730503322	-8.24426268399	-0.780550232853	-0.504646750208	-1
128	-2.48323010062	3.23621283321	6.16643173262	10.4730735018	-8.03626111944	-0.611822460165	-0.0944790540728	-1
129	1.72139318525	0.791794810538	2.96319449822	0.626939021995	1.36299019098	0.988681708409	0.711615396583	-1
130	4.10542804597	2.39772560505	16.8545394406	5.7490880771	9.84368994549	-0.821385211847	0.677138556608	-1
131	0.0823188711585	0.0605935463238	0.0067763965488	0.0036715778561	0.00498799233287	0.082225931768	0.060556474143	1
132	-1.22565990225	-4.38931456018	1.50224219597	19.2660823082	5.37980685476	-0.94102930552	0.948263823704	1
133	0.818795158635	2.68519915048	0.670425511804	7.21029447772	2.19862806438	0.730323330914	0.440713616255	1
134	1.30727702105	1.46411995995	1.70897320976	2.14364725713	1.9140103797	0.965479250327	0.994315470204	-1
135	0.564655664737	-4.44496201884	0.318836019719	19.7576873489	-2.50987298348	0.535124962638	0.964454015518	1
136	1.4325726669	2.56542461259	2.05226444595	6.58140344286	3.67515717898	0.990462309858	0.544814630498	1
137	-0.723920840789	-0.27435750819	0.524061383729	0.0752720423	0.198613118005	-0.662327306636	-0.270928530644	-1
138	-0.647956519536	-0.0453812304153	0.419847651209	0.002059456074	0.0294050641121	-0.603558361606	-0.0453656552441	-1
139	0.793315553926	-0.00759947114868	0.629349568101	5.77519617396e-05	-0.00602877866386	0.712683000825	-0.0075993980015	1
140	1.978738264	-1.56115098719	3.91540511742	2.43719240481	-3.08910919424	0.917939242977	-0.999953484073	-1
141	2.05107595272	-0.258264415141	4.20691256383	0.0667005081281	-0.529719931339	0.886865762674	-0.255402913724	-1
142	0.170284407606	-3.09222740656	0.0289967794738	9.56187033391	-0.52655811211	0.169462650025	-0.0493451995457	-1
143	0.521327835376	2.7445977329	0.271782711937	7.53281671546	1.43083519507	0.498032020475	0.386648726815	1
144	-2.98859745819	2.5366342655	8.9317147671	6.43451339689	-7.58097871822	-0.152399020311	0.568727849887	-1
145	2.51830574307	-3.05391231686	6.34186381556	9.32638043909	-7.69068492637	0.5837071627	-0.0875680344827	1
146	1.48552880334	-1.95034422484	2.20679582556	3.80384259536	-2.89729252243	0.996366926726	-0.928832234533	-1
147	0.224452005871	0.262797628044	0.0503787029397	0.0690625933053	0.0589854547526	0.222572147212	0.259783142021	1
148	-3.44078826005	-0.837169795834	11.8390238505	0.700853267058	2.88052400518	0.294751644638	-0.742751084108	-1
149	-1.77197722993	1.90367038825	3.13990330339	3.62396094708	-3.37326058126	-0.979831285293	0.945107117974	1
150	2.82960450575	-2.53069685626	8.00666165896	6.40442657829	-7.16087122717	0.306951412219	-0.573601468657	1
151	-3.12297592017	-1.0318896583	9.75297859799	1.06479626692	3.22256655516	-0.0186156580615	-0.85827028969	-1
152	-2.58036128814	-3.92464667769	6.65826437731	15.4028515447	10.1270063567	-0.532229075624	0.70544728314	1
153	-1.80497709128	-0.970601227683	3.25794230003	0.94206674318	1.75191298073	-0.972704768205	-0.825225437958	1
154	3.18205271466	1.08156943231	10.1254594789	1.16979243692	3.44161094819	-0.0404490230063	0.882696438364	1
155	1.56979585996	1.34092611642	2.46425904194	1.79808284969	2.10498026606	0.999999499533	0.973695975921	-1
156	2.15654080428	-3.6928375099	4.65066824053	13.6370488745	-7.96375477368	0.833300754876	0.523748094191	1
157	-1.86335647348	-0.373646485806	3.47209734725	0.139611696356	0.69623659812	-0.95750865634	-0.365012738691	1
158	-0.136579015518	1.47933870647	0.0186538274798	2.18844300846	-0.202046624147	-0.136154791149	0.99582066623	-1
159	-2.13926288275	0.720891521589	4.57644568151	0.519684585899	-1.54217647462	-0.842727480546	0.660054660878	1
160	5.02077886118	1.25111119354	25.2082203729	1.56527921859	6.28155263349	-0.952823515988	0.949334417575	-1
161	0.306377930748	0.217514187918	0.0938674364495	0.0473124219458	0.0666415468028	0.301607224756	0.215803053661	1
162	-0.116266529142	1.12896070885	0.0135179057987	1.27455228214	-0.131260343156	-0.116004759469	0.903968277258	-1
163	0.380535291225	4.23144681108	0.144807107868	17.905142115	1.61021484456	0.371417522278	-0.886559454993	-1
164	2.50877936146	-3.29365639021	6.2939738845	10.8481724168	-8.26305717551	0.591415640947	0.151478375881	1
165	0.261984737701	-2.819215209	0.0686360027884	7.94797439468	-0.738591357055	0.258998074913	-0.316822424092	-1
166	-4.88952945638	-1.18203893437	23.9074983048	1.39721604238	5.77961418821	0.984351609072	-0.925380770678	1
167	2.73434820978	3.75468130962	7.47666013233	14.0976317368	10.2666061173	0.396080639884	-0.575396334351	-1
168	2.077828213	0.179532727821	4.31737008273	0.032232000359	0.373038167024	0.874189626835	0.178569831112	-1
169	-0.835384646471	-1.39003296768	0.69786750756	1.93219165123	1.16121219929	-0.74155462301	-0.983706742293	1
170	-2.5633356143	-2.30122537901	6.57068947152	5.29563824499	5.89881297053	-0.546565183576	-0.744888211874	-1
171	-0.0197628689123	1.55563521252	0.000390570987646	2.42000091444	-0.0307438147805	-0.0197615824702	0.999885072508	-1
172	0.728294379735	-0.516008734148	0.530412703554	0.266265013717	-0.375806260974	0.66559768105	-0.493412492287	1
173	-3.62431046951	-0.623894169868	13.1356263794	0.389243935195	2.26118617172	0.464188156026	-0.584200127923	-1
174	-0.62216840707	0.470451013846	0.387093526756	0.221324156429	-0.292699757889	-0.582798612944	0.453288348947	-1
175	-2.48992591914	-2.0599299481	6.1997310828	4.24331139109	5.12907296939	-0.60651242481	-0.882740267655	-1
176	0.329845528524	1.65370555148	0.108798072688	2.734742051	0.545467381653	0.323896887973	0.996564998573	-1
177	-1.95850934399	1.16898167006	3.83575885049	1.36651814493	-2.28946152376	-0.925776124698	0.920352817256	1
178	-1.75474976151	3.95990488843	3.07914672553	15.6808467254	-6.94864215858	-0.983128224346	-0.729993359735	-1
179	0.323310677723	0.338556175078	0.104529794329	0.114620283683	0.109458826412	0.317707443512	0.332125572334	1
180	-3.06936451231	-1.54862720072	9.42099850943	2.39824620681	4.75330137269	-0.0721653564406	-0.999754274989	-1
181	-0.973364062183	-1.40150713399	0.947437597549	1.96422224662	1.36417667712	-0.82678274495	-0.985704773948	1
182	-4.85439877744	-0.749746099544	23.5651874904	0.562119213781	3.63956654901	0.98993354318	-0.681452961917	1
183	2.02109076655	2.11710804953	4.08480788661	4.4821464934	4.27886753069	0.900318992179	0.854446534505	1
184	-0.203686197127	2.63362353341	0.0414880669002	6.93597291575	-0.536432762186	-0.202280691455	0.486403802153	1
185	2.23647442283	-1.1154412195	5.00181784399	1.24420911416	-2.49465575758	0.786498178889	-0.898104915272	-1
186	3.8291833435	-0.805795481823	14.6626450782	0.649306358527	-3.08553863727	-0.634677165739	-0.721381772262	1
187	-0.961991313113	0.286353302722	0.925427286505	0.0819982139796	-0.275469389699	-0.820332001234	0.282455906166	-1
188	-0.821774310953	2.4966481164	0.675313018143	6.2332518171	-2.05168128554	-0.732355150764	0.601154117274	1
189	0.516412590476	0.37042949957	0.266681963602	0.137218014152	0.191294457462	0.493763724433	0.362015832794	1
190	3.11153478614	-2.37228575075	9.68164872539	5.62773968319	-7.38144963612	0.0300533415595	-0.695637489618	1
191	-0.296059536445	-1.2079153105	0.0876512491199	1.45905939733	0.35761484689	-0.291753453479	-0.934878033186	1
192	2.05302087228	0.422967269292	4.214894702	0.178901310892	0.868360632146	0.885965480156	0.410468034757	-1
193	1.41104130989	-2.23344750842	1.99103757822	4.98828777287	-3.15148669786	0.987266284018	-0.788363972937	-1
194	3.51760325235	3.3167139442	12.3735326409	11.0005913876	11.6668837572	-0.367212711736	-0.174227574393	-1
195	-1.32398931829	2.40343564198	1.75294771496	5.77650288516	-3.18212311719	-0.969697439986	0.67292577827	1
196	-2.90106601582	3.08844614319	8.41618402814	9.53849957937	-8.95978614769	-0.238214136706	0.0531214947588	-1
197	1.01085286865	-3.89488833381	1.02182352206	15.1701551328	-3.93715904531	0.847285143913	0.684046466381	1
198	-0.446197236583	-0.0281197636035	0.199091973934	0.000790721105117	0.0125469608133	-0.431538210048	-0.0281160579349	-1
199	4.6567226112	1.77524672942	21.6850654777	3.15150095032	8.26683158536	-0.998451027722	0.979172716624	-1
