pid	X1	X2	X1Squared	X2Squared	X1X2	sinX1	sinX2	label
0	4.39817517239	0.506726306212	19.343944847	0.256771549407	2.22867105918	-0.951039660278	0.4853175378	-1
1	0.357361166937	0.547109801686	0.127707003634	0.299329135101	0.195515797173	0.34980333414	0.520221084359	1
2	1.41887989841	-0.969542574107	2.01322016611	0.940012803006	-1.37566446905	0.988482874904	-0.824627044406	1
3	0.85898972179	-4.19314655371	0.73786334214	17.5824780209	-3.6018697916	0.757183032899	0.868195353752	-1
4	-0.251586038786	4.57988367796	0.0632955349122	20.9753345037	-1.15223479264	-0.248940380117	-0.991234009536	-1
5	0.787213727236	3.89208468014	0.619705452349	15.1483231574	3.06390248777	0.708389412576	-0.681998687851	-1
6	0.332493829422	1.82352102075	0.110552146604	3.32522891312	0.606309487221	0.326401286539	0.968234725893	-1
7	1.50306431558	0.0354104425726	2.25920233678	0.00125389944318	0.0532241726298	0.997707064124	0.0354030428475	-1
8	3.47419070235	-2.24758088566	12.0700010363	5.05161983757	-7.80852461573	-0.326499796146	-0.77959054254	-1
9	4.95497728387	0.515649593398	24.5517998836	0.265894503172	2.55503202172	-0.970719475355	0.493100081485	-1
10	1.89589170192	0.716054850941	3.59440534541	0.512734549556	1.35756245002	0.947620267989	0.656413562609	1
11	-1.15792340908	-4.10606933102	1.3407866213	16.8598053512	4.7545137977	-0.915971867795	0.821750815156	-1
12	-1.49912103286	-1.04071424837	2.24736387115	1.08308614677	1.56015661893	-0.997432425612	-0.86276557423	1
13	-0.587923624112	0.105341675366	0.345654187789	0.011096868569	-0.0619328595513	-0.554634479632	0.105146956315	1
14	1.98922278252	0.677722177011	3.95700727849	0.459307349213	1.34814039473	0.913729438752	0.627020221297	1
15	-1.19885080248	-3.46843745665	1.43724324661	12.0300583907	4.15813902825	-0.931622049975	0.32105647047	1
16	-0.157809775982	4.03628179784	0.0249039253954	16.2915707516	-0.636964726317	-0.157155577305	-0.780014597356	-1
17	-0.749754184272	4.124176983	0.562131336834	17.0088357871	-3.09211894969	-0.681458878799	-0.831934125297	-1
18	-2.90681502954	-3.95339306449	8.44957361594	15.6293167224	11.4917823775	-0.232626715959	0.725527380314	-1
19	1.48080767135	1.37369432968	2.19279135953	1.88703611139	2.03417710148	0.99595375258	0.980638205826	1
20	0.158146789207	1.08885413364	0.0250104069363	1.18560332434	0.172198785149	0.157488393824	0.886096386065	1
21	0.821746735866	-0.283033822432	0.675267697906	0.0801081446403	-0.232582119723	0.732336373978	-0.27927004384	1
22	-4.79035479165	0.388782347819	22.9474990298	0.151151713976	-1.86240538278	0.996962205417	0.379061916019	-1
23	-1.48720966021	1.83480314353	2.21179257341	3.36650257551	-2.72873695964	-0.996508668044	0.965352148751	1
24	1.83240843835	-1.62719445923	3.35772068494	2.64776180815	-2.98168485793	0.965974280009	-0.998410046833	-1
25	1.13420560692	-3.39100187636	1.28642235878	11.4988937255	-3.84609334125	0.906198549315	0.246831504715	-1
26	0.345375697736	0.35043591534	0.119284372587	0.12280533076	0.121032048772	0.338550213289	0.343307261839	1
27	-0.184845705876	-3.98680597823	0.0341679349808	15.8946219081	0.736943965236	-0.183794870051	0.748112685393	-1
28	-3.75523717896	-0.230216438226	14.1018062702	0.0529996084295	0.864517328034	0.57585087691	-0.228188256821	-1
29	-2.00599889615	-4.39110314779	4.02403157135	19.2817868545	8.80854806734	-0.90678465886	0.94883015354	-1
30	-1.92185437952	0.0728521353369	3.69352425608	0.00530743362314	-0.140011195354	-0.939009383154	0.0727877094573	1
31	-0.834807802158	-0.0407313325167	0.696904066544	0.00165904144859	0.0340028341773	-0.741167499134	-0.0407200709561	1
32	1.96725846342	-0.0449264760705	3.8701058619	0.00201838825211	-0.0883819902813	0.922432935806	-0.044911364417	1
33	0.157724106152	-0.562566140747	0.0248768936615	0.316480662715	-0.0887302417009	0.157070971444	-0.533358622448	1
34	-0.214381919129	-1.85977127565	0.0459596072494	3.45874919773	0.398701335215	-0.212743537167	-0.958536487689	-1
35	0.822614689536	0.467884776836	0.676694927441	0.218916164395	0.384888890436	0.732927125072	0.450999407745	1
36	2.54540858181	-3.79946076957	6.47910484837	14.4359021395	-9.67118004912	0.561488948611	0.611431288148	-1
37	1.88432697383	-0.141167825824	3.55068814429	0.0199283550478	-0.266006342036	0.951250582118	-0.140699419037	1
38	0.675439461479	-3.58669103381	0.456218466123	12.864352572	-2.42259266037	0.625240347006	0.430546677256	-1
39	1.42176180379	1.34339836344	2.02140662672	1.80471916289	1.90999248041	0.988914896154	0.974256304058	1
40	2.33800984143	-0.800878883377	5.46629001862	0.64140698584	-1.87246271113	0.719847650648	-0.717968137711	-1
41	1.03977662981	-0.891945400753	1.08113543989	0.795566597924	-0.927423982765	0.862291131212	-0.778294734939	-1
42	1.57570327537	-0.0535757963518	2.48284081201	0.00287036595473	-0.0844195577921	0.999987960952	-0.053550169673	1
43	-2.19196380813	-3.37826193965	4.80470533613	11.4126537329	7.40502790607	-0.813199554451	0.234466064978	-1
44	0.177756419459	0.117600460493	0.031597344659	0.0138298683082	0.020904236784	0.176821792127	0.117329581392	1
45	3.40490654031	3.16710216909	11.5933885482	10.0305361495	10.7836868894	-0.260281641336	-0.0255067489347	-1
46	-1.75542460592	4.20639446029	3.08151554706	17.6937543556	-7.38400833779	-0.983004559486	-0.874692885481	-1
47	-0.492066151539	4.14133263115	0.24212909749	17.1506359618	-2.03780961005	-0.472447915721	-0.841330465639	-1
48	-4.3879729456	-1.43286249002	19.2543065713	2.0530949153	6.28736184096	0.947837030047	-0.990502201228	-1
49	1.61760783816	-1.37724849715	2.61665511807	1.89681342291	-2.22784796408	0.998904541265	-0.981328017053	1
50	-0.110875162932	1.4735617243	0.0122933017551	2.17138415533	-0.163381396272	-0.110648132219	0.995276439401	1
51	0.158472397278	1.83397232785	0.025113500699	3.36345449931	0.290633991335	0.157809930225	0.965568617428	-1
52	3.33762356348	3.32715174849	11.1397310515	11.0699387575	11.1047800751	-0.194777803565	-0.184496059399	-1
53	-4.67217692825	1.50558144499	21.8292372489	2.26677548749	-7.03434289088	0.999191604372	0.997874263149	-1
54	-0.888138623823	2.23833572944	0.788790215127	5.0101468377	-1.9879524144	-0.775898829484	0.785347287976	-1
55	-1.67362657456	-0.248032717134	2.80102591108	0.0615202287689	0.415114146757	-0.994717627211	-0.245497356927	1
56	0.23801232396	0.0919066733284	0.0566498663568	0.00844683660229	0.0218749209063	0.235771452915	0.0917773411874	1
57	-3.5393367085	1.023219176	12.5269043362	1.04697748214	-3.62151719048	0.387339490118	0.853788410917	-1
58	-4.72007744767	-1.49182012707	22.279131112	2.22552729152	7.04150653776	0.999970443881	-0.996883000567	-1
59	0.342266106657	-2.21399721689	0.117146087766	4.90178367638	-0.757776207572	0.335622616668	-0.800180095165	-1
60	0.277243758172	-1.20153926921	0.0768641014455	1.44369661545	-0.333119262586	0.273705701002	-0.932595747717	1
61	-2.69779927431	-2.28303800214	7.27812092446	5.21226251923	6.1591782654	-0.429368458476	-0.756898772094	-1
62	0.78629629246	1.93500273614	0.618261859537	3.74423558887	1.52148547733	0.707741569063	0.93440673861	-1
63	-0.465187882623	3.7289238104	0.216399766139	13.9048727838	-1.73465017182	-0.44859072707	-0.554141393771	-1
64	-1.05517303246	-0.224246513619	1.11339012844	0.0502864988703	0.236618873794	-0.869985559085	-0.222371804784	1
65	3.89119678021	2.19369311764	15.1414123823	4.81228949438	8.53609159613	-0.681349050474	0.812191906897	-1
66	-2.47540217702	-2.83169225567	6.12761593797	8.01848103082	7.00957717432	-0.617995501247	-0.304963780526	-1
67	-4.05762662488	0.174461343222	16.4643338269	0.030436760279	-0.707898991272	0.793192669049	0.173577682736	-1
68	1.77317754519	3.48349348138	3.14415860676	12.1347268348	6.17685241999	0.979590724638	-0.335278502862	-1
69	-2.839769905	-3.65024814468	8.06429311334	13.3243115178	10.365864827	-0.297261053017	0.487003393232	-1
70	-0.864946749936	4.05979584938	0.748132880224	16.4819423386	-3.51150722532	-0.761060722425	-0.794511796111	-1
71	0.500501663472	-1.90487805466	0.250501915138	3.62856040314	-0.95339463507	0.479865729373	-0.944711810982	-1
72	-2.24657412365	-0.674905637876	5.04709529307	0.455497620036	1.51622554196	-0.78022067186	-0.624823644779	1
73	-0.78182362847	0.3826184829	0.611248186035	0.146396903457	-0.299140170621	-0.70457469123	0.373350887503	1
74	-3.46280684891	1.37152139747	11.9910312729	1.88107094371	-4.74931368858	0.31571888566	0.98021036951	-1
75	0.0336437517338	0.0836740787758	0.00113190203073	0.00700135145898	0.00281510993289	0.0336374051879	0.0835764743446	1
76	-2.36570244227	4.19769623504	5.59654804535	17.6206536816	-9.93050023513	-0.700351783701	-0.870444014839	-1
77	-1.74451481235	0.101245588851	3.04333193052	0.0102506692618	-0.176624429436	-0.984948852339	0.101072704976	1
78	3.16606461292	-3.69671750456	10.0239651332	13.6657203085	-11.7040464751	-0.0244695167861	0.527049406988	-1
79	1.35307571151	0.320512161205	1.83081388107	0.10272804548	0.433677220569	0.976392342984	0.315052680893	1
80	-0.69206983831	1.94299766548	0.478960661098	3.77523992806	-1.34469008018	-0.638132172094	0.931529049232	1
81	0.175469323138	-0.407209011986	0.0307894833625	0.165819179443	-0.0714526897089	0.174570273351	-0.396048105579	1
82	0.681966586559	0.974679993053	0.465078425183	0.950001088857	0.664699187849	0.630320971174	0.827522268114	1
83	0.0115731347299	0.263571682641	0.000133937447476	0.0694700318904	0.00305035059418	0.0115728763856	0.260530543087	1
84	-0.284392015706	0.668413543159	0.0808788185972	0.446776664678	-0.190091474864	-0.280573940154	0.619741706851	1
85	-0.0563178739813	-0.163517039082	0.00317170292977	0.0267378220702	0.00920893200081	-0.0562881081078	-0.162789331047	1
86	-0.655713699475	-4.13387858475	0.42996045568	17.0889521534	2.71064081999	-0.609725086029	0.837278060439	-1
87	-0.0185367706385	-0.448814089106	0.000343611865705	0.20143408658	0.00831956382909	-0.018535709081	-0.433897378469	1
88	3.48901558671	-3.06625195778	12.1732297643	9.40190106858	-10.6982008735	-0.340475845192	-0.0752694409706	-1
89	-0.753785527532	0.396192253931	0.568192621517	0.156968302075	-0.298643987134	-0.684403697756	0.385908361333	1
90	-4.59886990745	1.35747972245	21.1496044257	1.84275119686	-6.24287264555	0.9935636264	0.977334157883	-1
91	0.053790253872	-0.0452120389196	0.00289339141162	0.00204412846327	-0.00243196705156	0.053764318248	-0.0451966372912	1
92	-0.653194031498	-4.06665074624	0.426662442784	16.5376482919	2.65631199563	-0.607726031136	0.79865572402	-1
93	2.05432547446	-3.60229135166	4.22025315502	12.9765029823	-7.40027889015	0.88535971556	0.444574068704	-1
94	-3.51701073419	-2.10191189559	12.3693645044	4.41803361684	7.39244669913	0.366661524251	-0.86224257653	-1
95	-0.453295512445	0.26533553163	0.205476821603	0.0704029443452	-0.12027540578	-0.437930601423	0.26223307246	1
96	-2.76036543648	-2.57167443024	7.61961734292	6.61350937514	7.09876121111	-0.372059862942	-0.53956319909	-1
97	-2.02179161138	-3.29627585772	4.08764131984	10.8654345302	6.66438287792	-0.900013741946	0.154067093574	-1
98	-1.27870114174	4.38811166741	1.63507660989	19.2555240057	-5.61108339922	-0.957642649874	-0.947881239245	-1
99	-2.97307144312	-2.21558912312	8.83915380589	4.90883516248	6.58710475163	-0.16772469218	-0.799224320315	-1
100	-0.87435692647	0.296730963233	0.764500034865	0.0880492645414	-0.259448773001	-0.767131135445	0.292395603064	1
101	4.04895660362	1.88531353368	16.394049578	3.55440712027	7.63355268208	-0.787883134067	0.950945845358	-1
102	0.265599349955	-1.84495196669	0.0705430146968	3.40384775938	-0.490018043051	0.262487649221	-0.962654137925	-1
103	0.897303779981	4.76923441383	0.805154073568	22.7455968941	4.27945206715	0.781648067182	-0.998384733383	-1
104	-1.91539774417	-2.98058838464	3.66874851839	8.88390711867	5.70901226826	-0.941210177167	-0.160309567811	-1
105	0.296064631459	0.246494629237	0.0876542660007	0.0607596022429	0.0729783415617	0.291758326824	0.244006048934	1
106	-0.489006942962	0.183729132985	0.239127790265	0.0337563943073	-0.0898448216539	-0.469749449403	0.182697204059	1
107	0.899575370068	-2.15288981827	0.809235846433	4.63493456961	-1.93668665499	0.783062884816	-0.835313534329	-1
108	-2.52609240836	-3.58710798606	6.38114285559	12.8673437037	9.06136625158	-0.577367037095	0.430922967709	-1
109	3.07747930808	-3.29761353016	9.47087889164	10.8742549943	-10.1483374051	0.0640694313305	0.155388656496	-1
110	-4.22418618126	0.760987876793	17.843748894	0.579102548626	-3.21455447326	0.883177242478	0.689637157509	-1
111	1.32781182646	0.574692958245	1.76308424648	0.330271996257	0.763084106539	0.970624226368	0.543577097976	1
112	1.56456199757	4.6571035948	2.44785424425	21.6886138927	7.28632730318	0.999980566633	-0.998472152282	-1
113	-0.0829026209428	-0.280852067805	0.00687284455918	0.0788778839905	0.0232833725182	-0.0828076907661	-0.277174432543	1
114	-0.833377266668	-0.78526497802	0.6945176686	0.616641085705	0.654421980993	-0.740206393794	-0.707012598632	1
115	-3.13074085199	3.7754893874	9.80153828229	14.2543201143	-11.8200788614	-0.0108515886174	-0.592288945143	-1
116	-0.913406542173	-4.03339460808	0.834311511285	16.2682720645	3.68412902219	-0.79158990552	0.778204657151	-1
117	-4.64017739545	-1.0184781361	21.5312462613	1.03729771371	4.72591922489	0.997393876268	-0.851310543738	-1
118	3.74507247719	-0.388789524115	14.0255678594	0.151157294061	-1.45604494618	-0.567511071278	-0.379068556748	-1
119	1.74998812862	-4.62988719862	3.0624584503	21.4358554719	-8.10224763441	0.983988062832	0.996598657941	-1
120	1.75239222299	-4.37864239628	3.07087850321	19.1725092345	-7.67309888252	0.983556727426	0.94482165217	-1
121	0.640083785173	1.03970156561	0.409707252042	1.08097934553	0.665496113565	0.597262642998	0.862253115307	1
122	1.03840803129	0.0691143036178	1.07829123945	0.00477678696457	0.0717688479537	0.861597247951	0.0690592927074	1
123	-1.21914017749	-4.16346454266	1.48630277238	17.334436998	5.07584690153	-0.938803534873	0.853086211504	-1
124	-3.45042091276	-1.36358683086	11.9054044752	1.8593690453	4.70494851757	0.303942539152	-0.978608814249	-1
125	2.09249088332	-0.706740966183	4.37851809676	0.499482793281	-1.4788490286	0.866975942622	-0.649358786739	1
126	2.75150842667	3.32526398643	7.57079862204	11.0573805795	9.14949187958	0.380266316014	-0.182640376433	-1
127	0.286638648934	4.9808657507	0.0821617150629	24.8090236265	1.4277086293	0.282729621658	-0.964176071368	-1
128	-2.4904800115	-0.0523650580662	6.2024906877	0.00274209930628	0.130414130415	-0.606071787289	-0.0523411296489	-1
129	0.395087300103	-0.7741421457	0.156093974703	0.599296061749	-0.305853730241	0.384888765037	-0.6991029488	1
130	0.317222565732	1.20049472492	0.10063015621	1.44118758457	0.380824016788	0.311928911723	0.932218239312	1
131	-3.88129506029	3.04812314324	15.0644513451	9.29105469635	-11.830665299	0.67406811848	0.0933334696249	-1
132	-1.70528175388	-3.48581560196	2.90798586013	12.1509104109	5.94429774343	-0.990970456541	0.337465311006	-1
133	-3.50268597814	-2.03165654561	12.2688090615	4.12762831934	7.11625489472	0.353297261497	-0.895670273527	-1
134	-3.61994259221	3.12786826728	13.1039843709	9.78355989746	-11.3227035635	0.460314951492	0.0137239554618	-1
135	-1.80768469057	-0.76071887388	3.26772394051	0.578693205078	1.37513986214	-0.972072915383	-0.689442332731	1
136	0.0908692678175	0.0515573317549	0.0082572238337	0.00265815845769	0.0046849769872	0.0907442647903	0.051534493531	1
137	0.967018569883	1.15589190972	0.935124914499	1.33608610696	1.11776894148	0.823196648617	0.915154854388	1
138	-1.39089555187	1.46827333104	1.93459043623	2.15582657463	-2.04221484507	-0.983861452169	0.994749119407	1
139	0.85249731953	-4.04245968503	0.726751679805	16.3414803051	-3.44618604579	0.752926249508	0.783865570514	-1
140	-3.22874686657	-1.73636648196	10.4248063284	3.01496855969	5.60628783786	0.0870439197219	-0.986324545705	-1
141	-0.018301920284	0.103612561072	0.000334960286083	0.010735562812	-0.00189630883317	-0.0183008985651	0.103427270701	1
142	3.45372401721	2.18222305446	11.928209587	4.76209745941	7.53679617409	-0.307087711134	0.818829858052	-1
143	3.65601489276	3.00985188867	13.3664448961	9.05920839175	11.00406333	-0.492031945816	0.131360021492	-1
144	0.619697854309	-1.0938703513	0.384025430635	1.19655234546	-0.677869109596	0.58078922415	-0.888410250165	1
145	-0.165282431732	-0.598671896992	0.0273182822392	0.358408040248	0.0989499469444	-0.16453092028	-0.56354584503	1
146	0.00182771881001	0.088122362244	3.34055604846e-06	0.00776555072746	0.000161062899056	0.00182771779241	0.0880083534077	1
147	3.45252725219	1.30673785937	11.9199444271	1.70756383312	4.51154807095	-0.305948552707	0.965338669184	-1
148	-4.15428738822	1.01292679367	17.2581037039	1.02602068934	-4.20798900413	0.848261991713	0.848384861959	-1
149	0.795165297122	3.59558824924	0.632287849748	12.928254858	2.85908699853	0.713979350239	-0.438559875	-1
150	3.71133136229	-1.04251499493	13.7739804807	1.08683751465	-3.86911859632	-0.539412048914	-0.863674639842	-1
151	0.899157020152	-0.455554541575	0.808483346889	0.20752994035	-0.40961506412	0.782802626691	-0.439960369295	1
152	1.42196446315	1.69366234769	2.02198293445	2.86849214798	2.40832767099	0.988944967401	0.992461461136	1
153	-3.4744043836	0.710973680041	12.0714858208	0.505483573711	-2.47021007056	0.326701759624	0.652571863741	-1
154	-2.36563129482	2.91470610451	5.59621142302	8.49551167565	-6.89511997602	-0.700402566826	0.224944960945	-1
155	-0.928061537845	-0.0491512228931	0.861298218027	0.00241584271189	0.0456153595052	-0.800459556963	-0.0491314350129	1
156	3.5874604454	0.355095684568	12.8698724473	0.126092945199	1.27389172272	-0.431240996268	0.347680081944	-1
157	-1.22970067827	0.159276767749	1.51216375813	0.0253690887446	-0.195862749333	-0.942388715098	0.158604170399	1
158	3.11069936077	-3.06936314162	9.67645051312	9.42099009516	-9.54786596264	0.0308883789794	-0.072166723553	-1
159	3.13555967801	-2.9344229259	9.83173449438	8.61083790805	-9.20105820469	0.00603293897992	-0.205690974798	-1
160	-1.25895164094	-0.279583546401	1.58495923423	0.078166959418	0.351982164522	-0.951769212523	-0.275955389615	1
161	-4.81469479963	-0.52763143213	23.1812860136	0.278394928172	2.5403843124	0.994771322549	-0.503488307961	-1
162	2.06140544113	2.89607445719	4.24939239271	8.3872472616	5.96998364397	0.882046029972	0.243059013866	-1
163	1.22374444301	-0.284730809865	1.4975504618	0.0810716340863	-0.348437746326	0.940379531745	-0.280899109662	1
164	-3.95336817955	1.3489718983	15.6291199631	1.81972518241	-5.33298257786	0.725510254441	0.975497681053	-1
165	1.96850499706	-0.139508344059	3.87501192346	0.0194625780622	-0.274622872413	0.921950861175	-0.139056252221	1
166	0.168358457582	0.894531495011	0.0283445702394	0.800186595566	0.150601942759	0.167564242648	0.779915936868	1
167	-0.390316208783	0.211077324034	0.152346742839	0.0445536367214	-0.082386900877	-0.380480860479	0.209513434881	1
168	-0.056646531044	-0.00407972239643	0.00320882947932	1.66441348319e-05	0.00023110212138	-0.0566162410611	-0.0040797110792	1
169	1.41032059367	0.999543951564	1.98900417692	0.999088111107	1.40967741916	0.987151378714	0.84122449329	1
170	1.76029620414	-0.246664084949	3.09864272631	0.0608431708039	-0.434201852434	0.982098564915	-0.244170379124	1
171	0.0196620495856	1.59252669963	0.000386596193905	2.53614128902	0.0313123389344	0.0196607827311	0.999763904739	1
172	3.75627508815	2.09421634708	14.1096025379	4.38574210836	7.86645269372	-0.576699114178	0.866114767606	-1
173	-1.65714866282	1.20562152065	2.74614169069	1.45352325105	-1.99789409081	-0.996273953237	0.934061349962	1
174	-1.93882776043	0.509993747724	3.75905308462	0.260093622717	-0.988790035733	-0.93303740262	0.488171790233	-1
175	-3.35009414116	-2.58989576702	11.2231307546	6.70756008402	8.67639463531	0.20699407486	-0.52413311313	-1
176	-2.03384053053	4.47574148588	4.13650730363	20.0322618484	-9.10294443816	-0.894696879192	-0.972129414149	-1
177	0.105900768148	-1.11752946802	0.0112149726943	1.2488721119	-0.118347229091	0.105702933412	-0.899021328963	1
178	-0.0377273034367	1.06014772	0.00142334942461	1.12391318822	-0.0399965147201	-0.0377183542177	0.87242768901	1
179	0.94100207071	4.08995355439	0.885484897081	16.727720077	3.84865476379	0.808148704159	-0.812460976248	-1
180	-0.16149994479	0.0217362696283	0.0260822321671	0.000472465417353	-0.0035104063449	-0.160798813259	0.0217345580627	1
181	1.14107130412	3.86803819418	1.30204372108	14.9617194716	4.41370738661	0.909080345326	-0.66421673574	-1
182	1.0273826732	-0.923246931507	1.05551515718	0.852384896538	-0.948527900513	0.855948605147	-0.797564479298	1
183	-0.0912045445529	4.87541076155	0.0083182689471	23.7696300939	-0.444659618016	-0.0910781531438	-0.986741352089	-1
184	1.69860206114	4.14849174196	2.88524896211	17.2099837331	7.04663662351	0.991843958147	-0.845178522745	-1
185	-4.41261688463	1.25145711122	19.4711877705	1.56614490123	-5.52220077936	0.955403814623	0.949443071517	-1
186	-0.688037735525	-1.79275540343	0.473395925506	3.21397193651	1.23348336812	-0.635022569049	-0.975468048312	1
187	3.03861326529	2.5308919435	9.23317057598	6.40541402969	7.69040183254	0.102797472934	0.573441655049	-1
188	-1.13987156215	0.676363058096	1.29930717821	0.457466986356	-0.770967015615	-0.908579853683	0.625960884821	1
189	-1.37600611995	-2.08637966772	1.89339284214	4.35298011788	2.87087119132	-0.981088298853	-0.870005258505	-1
190	-1.97477745188	3.46430858566	3.89974598445	12.0014339767	-6.84123848131	-0.919503375865	-0.317143456193	-1
191	2.6742517219	-4.12326414383	7.15162227211	17.0013071998	-11.0266462365	0.450513946089	0.831427267654	-1
192	3.97348420693	-1.37449346814	15.7885767427	1.88923229396	-5.46152808819	-0.739206613698	-0.980794386579	-1
193	-1.32674762249	-4.7687898141	1.76025925379	22.741356291	6.32698054802	-0.970367628757	0.998409894563	-1
194	-1.17595741901	4.19325508092	1.38287585133	17.5833881736	-4.93108942221	-0.923058541991	-0.868249202287	-1
195	-0.00989312562175	0.0507858780972	9.78739345678e-05	0.00257920541411	-0.000502431071827	-0.00989296424269	0.0507640497104	1
196	-1.5129564297	0.818691419571	2.28903715817	0.670255640478	-1.23864444718	-0.998327739436	0.730252462661	1
197	-1.23303963754	-1.38712279004	1.52038674775	1.92410963465	1.71037738226	-0.943500407901	-0.983179384134	-1
198	-0.338318781108	-0.247861330064	0.114459597651	0.0614352389412	0.0838561430712	-0.331901644634	-0.245331211166	1
199	-3.29902771393	1.5695677528	10.8835838573	2.46354293064	-5.1780475154	0.156785506911	0.999999245303	-1
