pid	X1	X2	X1Squared	X2Squared	X1X2	sinX1	sinX2	label
0	-2.8217870558	2.51542046319	7.96248218827	6.32734010664	-7.09798090292	-0.314382021212	0.586047473935	-1
1	3.49029812547	1.19408798357	12.1821810047	1.42584611252	4.16772305072	-0.341681476091	0.929880545211	1
2	-3.77542785343	-2.68400434229	14.2538554765	7.20387930943	10.1332647526	0.592239364527	-0.441785818323	1
3	2.21717026893	4.14082756884	4.91584400145	17.1464529548	9.18091977441	0.798273001097	-0.841057361512	1
4	3.63518573904	0.969977921648	13.2145753573	0.940857168485	3.52604990796	-0.473793140759	0.824873232255	1
5	2.22424678227	0.787881596766	4.94727374846	0.620757410522	1.75244310642	0.793990895003	0.708860651438	1
6	-1.2754544976	2.1850161363	1.62678417546	4.77429551588	-2.78688865838	-0.956702703055	0.817223335827	-1
7	4.94027676466	-0.929057789681	24.4063345114	0.863148376568	-4.58980261139	-0.974145760374	-0.801056299797	-1
8	2.06871053534	-4.04419566522	4.27956327903	16.3555185786	-8.36627017962	0.878580633884	0.784942311997	-1
9	-3.73026953357	3.66553959054	13.9149107931	13.4361804898	-13.6734506587	0.555261101992	-0.500301486262	-1
10	-0.674386336491	-0.655826088234	0.454796930845	0.430107858008	0.442280153019	-0.624418107728	-0.609814162965	1
11	-3.35184812169	1.87644922083	11.2348858309	3.52106167836	-6.2895727963	0.208709748744	0.953650689659	-1
12	1.48079941233	-1.15512464517	2.19276689954	1.33431294589	-1.71050789574	0.99595301033	-0.914845298819	-1
13	-2.41665395581	3.32170930684	5.84021634215	11.0337527191	-8.02742193643	-0.663089556738	-0.179144340769	-1
14	4.26916240453	-1.69089938051	18.2257476363	2.85914071501	-7.21872406513	-0.903372630027	-0.992796293794	-1
15	-0.921735186508	-4.26111802203	0.849595754046	18.1571267976	3.92762241476	-0.796651632744	0.899893552158	1
16	4.20348094106	-1.67831380075	17.6692520219	2.8167372138	-7.05476007459	-0.873277057577	-0.994225562325	-1
17	-2.03325178537	-0.962382388834	4.13411282272	0.926179862337	1.95676571031	-0.894959701161	-0.820555589846	1
18	-0.580892529719	-4.05034304091	0.337436131083	16.405278749	2.35281401526	-0.548770286186	0.788736179	1
19	1.77233249754	-3.03546835095	3.14116248185	9.21406810959	-5.37985920365	0.979760231556	-0.105925212971	-1
20	-0.980567646351	2.5024844236	0.96151290907	6.26242829038	-2.45385526128	-0.830813428488	0.596479919051	-1
21	3.18019668065	-3.26993840845	10.1136509276	10.692497195	-10.3990472725	-0.0385944393698	0.127993679549	-1
22	0.880240046323	-1.50185598069	0.77482253915	2.25557138672	-1.32199377801	0.770891802481	-0.997624555392	-1
23	-4.2711474688	-0.82161362928	18.2427007002	0.675048955818	3.50923297303	0.904222157305	-0.732245729486	1
24	-1.97208388593	0.886488030053	3.88911485313	0.785861027427	-1.74822875913	-0.920558831527	0.774856483778	-1
25	-4.88685475752	2.17612248272	23.8813494211	4.73550905979	-10.6343945076	0.984819410931	0.822316548768	-1
26	-1.05980019596	-3.86009131081	1.12317645536	14.9003049278	4.09092552763	-0.872257786317	0.658255211159	1
27	-3.06533802983	-0.933607086607	9.39629723713	0.871622192163	2.8618213075	-0.0761807447555	-0.803771160196	1
28	4.03989114303	0.892042946499	16.3207204475	0.795740618399	3.60375639876	-0.78226810029	0.778355980124	1
29	-2.76406315496	-0.627172386412	7.64004512462	0.393345202277	1.73354408509	-0.368625072557	-0.586857616203	1
30	-4.53390635798	2.32927862499	20.5563068629	5.42553891282	-10.5607311673	0.98411421553	0.725880752862	-1
31	4.0915909041	-0.750371744801	16.7411161266	0.563057755396	-3.07021420573	-0.813414487142	-0.681910714451	-1
32	4.75666984794	-3.91833281341	22.6259080423	15.3533320367	-18.6382155478	-0.99901976257	0.700958222074	-1
33	-4.8246162399	-1.36180633215	23.2769218623	1.85451648629	6.5701929457	0.993709128043	-0.978240961454	1
34	-0.448378626004	-1.43888669096	0.201043392257	2.07039490942	0.645166037468	-0.433505001504	-0.991312531893	1
35	-3.49206279692	-3.71303669334	12.1945025777	13.7866414861	12.9661573004	0.343339409362	0.540847224154	1
36	5.14812569913	-3.00867668585	26.503198214	9.05213539996	-15.4890457668	-0.906559335282	-0.132524949889	-1
37	5.14391357682	3.9985773541	26.4598468858	15.9886208567	20.5683363397	-0.908329133784	-0.755871826351	1
38	1.09839235793	-0.720132885772	1.20646577196	0.51859137317	-0.790988458426	0.8904769885	-0.659484570434	1
39	2.75519165976	-2.2525351375	7.59108108199	5.07391454568	-6.20616602415	0.376857206642	-0.776478191779	-1
40	2.38898817257	-1.67042763038	5.7072644887	2.79032846835	-3.99063185213	0.683542115751	-0.995040905871	-1
41	2.38233712965	3.72998667399	5.67553019933	13.9128005881	8.88608574656	0.688381631184	-0.555025832232	1
42	-3.99759637616	2.68718618228	15.9807767867	7.22096957824	-10.7422857444	0.755229197256	0.438929092739	-1
43	-2.22385451808	-3.17471348143	4.94552891759	10.0788056892	7.06010091929	-0.794229302944	0.0331147726411	1
44	0.678796902938	-3.51702144741	0.460765235439	12.3694398615	-2.38734326607	0.62785707372	0.366671491316	1
45	3.53466099834	2.1051256071	12.4938283732	4.43155382165	7.44090538001	-0.38302456084	0.860610396175	1
46	0.569544005269	1.83604468647	0.324380373938	3.37106009072	1.04570824459	0.539248090236	0.965027423416	-1
47	1.49285955109	2.82262860445	2.22862963928	7.96723223867	4.21378807133	0.996964466485	0.313583030746	1
48	2.67840775193	4.91177722497	7.17386808562	24.1255555078	13.1557421951	0.44679968961	-0.980187931479	1
49	4.60993560613	-3.12307679269	21.2515062927	9.75360865304	-14.3971829073	-0.994756242304	-0.0185148029311	-1
50	-3.84146463472	-1.24731544298	14.7568505398	1.55579581431	4.79151816256	0.644119767725	-0.948134699921	1
51	-4.92165785485	1.9887945633	24.2227160402	3.95530381499	-9.78816638412	0.978183063666	0.91390335036	-1
52	3.54420690408	-3.26770674128	12.561402579	10.677907347	-11.581428793	-0.391824893024	0.125780050987	-1
53	-0.861313603683	0.699563546439	0.741861123889	0.489389155507	-0.602543599188	-0.75869895306	0.643883807793	-1
54	1.51236760512	-0.650775645759	2.28725577301	0.423508941113	-0.984212004846	0.998293527804	-0.605803702648	-1
55	-4.37805088856	1.25334809305	19.1673295828	1.57088144235	-5.48722173245	0.944627717735	0.950035027068	-1
56	0.668761256717	5.01592786667	0.447241618486	25.1595323637	3.35445822372	0.620014557014	-0.954284696726	-1
57	-0.825356086444	-1.98832185646	0.68121266943	3.95342380487	1.64107354604	-0.734789360609	-0.914095135006	1
58	3.34875694451	4.49835795744	11.2141730734	20.2352243133	15.0639074489	-0.205685654283	-0.977182664288	1
59	-4.50686569554	-2.19444048618	20.3118383976	4.81556904737	9.89004854805	0.978954326868	-0.811755672513	1
60	-3.38710735132	-3.93375396516	11.4724962094	15.4744202584	13.3240469737	0.243055620122	0.711872841136	1
61	-2.75451905419	-0.888454663022	7.58737521988	0.789351688245	2.44726529807	-0.37748013663	-0.776098166385	1
62	-2.74986304662	-3.15016507447	7.56174677516	9.92353999639	8.66252252903	-0.381787574808	0.00857231588463	1
63	2.39887295616	-4.6396764688	5.7545914598	21.5265977352	-11.1299944063	0.676293826424	0.997357609855	-1
64	4.97379638413	-4.10019704902	24.7386504708	16.8116158408	-20.3935452567	-0.966027205016	0.818390363675	-1
65	-2.81918113168	4.51262522893	7.94778225322	20.3637864568	-12.7219078998	-0.316854745735	-0.980113485831	-1
66	4.57343331206	-0.949646387414	20.9162922599	0.901828261128	-4.34314442288	-0.990361185502	-0.813209763476	-1
67	-0.910580690583	4.54073668415	0.829157194062	20.6182896347	-4.1347071456	-0.789860002936	-0.985303882314	-1
68	2.52536219534	-3.57675947085	6.37745421765	12.7932083123	-9.03261314951	0.577963090892	0.42156167708	-1
69	-2.17490200632	0.86666740972	4.7301987371	0.75111239907	-1.88491668821	-0.823010424212	0.762175753944	-1
70	-3.75835930075	3.06099887307	14.1252646335	9.36971410091	-11.5043335842	0.578400571666	0.0805065612863	-1
71	-5.16918824274	-2.5651762066	26.7205070889	6.58012897093	13.2598786877	0.897468866616	-0.54502291614	1
72	4.9121944743	0.628883291214	24.1296545533	0.395494193969	3.08919702808	-0.980105201696	0.588242059369	1
73	3.77639143298	1.09011762236	14.2611322551	1.18835643059	4.11671085003	-0.593015505329	0.886681306938	1
74	-1.58719558688	3.53283591815	2.519189831	12.4809296245	-5.60730157844	-0.999865535148	-0.381338027649	-1
75	3.27805687693	4.13204993212	10.7456568884	17.0738366415	13.5450946958	-0.136041067065	-0.836276795277	1
76	3.03340018275	1.78840690412	9.20151666872	3.1983992547	5.42495382979	0.10798151785	0.97641610578	1
77	-4.07490075001	4.66204143136	16.6048161224	21.7346303077	-18.9973561252	0.803593243473	-0.998732829864	-1
78	-0.701747757507	2.83436875642	0.492449915166	8.03364624739	-1.98901191877	-0.6455534613	0.302413688413	-1
79	-5.20424436081	-3.87799926002	27.0841593671	15.0388782607	20.1820557802	0.881458150362	0.671629955808	1
80	-1.58328790871	2.6275478115	2.50680060188	6.90400750173	-4.16016467951	-0.999921981205	0.491703357507	-1
81	-0.702759188819	1.06022660844	0.493870477469	1.12408046125	-0.745083991315	-0.646325576318	0.872466242488	-1
82	4.51172815554	-5.2970234583	20.3556909495	28.0584575178	-23.8987298774	-0.979935078228	0.833913871257	-1
83	-2.62693871953	-3.75384612534	6.90080703615	14.0913607327	9.8611237338	-0.492233640882	0.57471305764	1
84	3.19633420177	-4.1264481574	10.2165523294	17.0275743957	-13.1895073773	-0.0547142121852	0.833192195114	-1
85	-2.03223764811	-5.22359103792	4.12998985839	27.2859033315	10.6155783656	-0.895411695145	0.872157060114	1
86	2.74144698231	2.10805097064	7.51553155682	4.44387889484	5.77910997203	0.38955251031	0.859116933733	1
87	4.28383909938	4.03280038541	18.3512774294	16.2634789485	17.275867971	-0.909569306027	-0.777831341549	1
88	0.618994118809	-1.7531484221	0.38315371912	3.07352938993	-1.08518856268	0.580216201699	-0.983419877073	-1
89	-1.15125638518	3.76967331465	1.32539126441	14.2104368992	-4.33986047352	-0.91327643729	-0.587592795073	-1
90	-1.57342144905	4.7789089612	2.47565505634	22.8379708594	-7.51923786263	-0.999996554369	-0.997788361781	-1
91	3.04056683436	4.45191646501	9.24504667422	19.8195602114	13.5363495529	0.100854058344	-0.966268395743	1
92	2.53197079285	0.70260360512	6.41087609584	0.493651825928	1.77897180711	0.572557478057	0.646206848526	1
93	-3.95200142895	-4.23359782816	15.6183152945	17.9233505706	16.7311846665	0.724568963822	0.887552495283	1
94	3.96121823483	0.955693707975	15.691249904	0.913350463464	3.78571134295	-0.730890342068	0.816714235798	1
95	-3.65276789526	-0.953539008043	13.3427132966	0.90923663986	3.48305667546	0.489202595225	-0.815468987787	1
96	4.67042287433	0.855283412982	21.8128498251	0.731509716523	3.99453521603	-0.9991195522	0.754756866672	1
97	1.32947135103	3.92618459605	1.76749407322	15.4149254822	5.21974993931	0.971022172104	-0.706536467149	1
98	0.458575435269	0.409093389891	0.210291429832	0.167357401652	0.187600179335	0.442671172141	0.397777693272	-1
99	4.99969810845	3.2703946496	24.9969811756	10.6954811641	16.3509859435	-0.959009866182	-0.128446154772	1
100	2.09588834595	2.81344575712	4.39274795871	7.91547702826	5.89666817432	0.86527781676	0.322289358611	1
101	4.74150894662	4.44807890003	22.4819070909	19.7854059009	21.0906058998	-0.999576043743	-0.965272967529	1
102	-4.69659674964	4.64207181561	22.0580210287	21.5488307413	-21.8019394008	0.999875305316	-0.997528766673	-1
103	5.28911418106	-5.24507405558	27.9747288202	27.5108018485	-27.741795568	-0.838252829889	0.861446566855	-1
104	3.880757746	2.59102582565	15.0602806832	6.71341482921	10.055143543	-0.673671123686	0.523170379651	1
105	-2.61024893486	-3.34330822326	6.81339950195	11.1777098757	8.72686672868	-0.506692254484	0.200350410105	1
106	-3.99141402408	-5.01614113227	15.9313859116	25.1616718588	20.0214960621	0.751162500688	0.954220930115	1
107	-1.55932536087	1.98237506342	2.43149558104	3.92981089207	-3.09116771114	-0.999934209192	0.916490381013	-1
108	-4.45625191401	2.82591502546	19.8581811211	7.98579573114	-12.5929892411	0.967375850423	0.310460686416	-1
109	-4.93737842176	-0.368738153165	24.3777056797	0.1359678256	1.82059980072	0.97479646271	-0.360438690075	1
110	-4.01833779755	-1.16312579719	16.1470386552	1.35286162008	4.67383235414	0.768660964675	-0.918046882259	1
111	1.36822327397	3.4795034944	1.87203492744	12.1069445675	4.7607376629	0.97955214741	-0.331516801233	1
112	1.90345148162	3.21645092417	3.62312754287	10.3455565476	6.12235827717	0.945178625405	-0.0747883755314	1
113	-2.08061831313	5.29869106571	4.32897256494	28.0761270099	-11.0245536669	-0.872831396037	-0.832992368628	-1
114	-2.06861391823	4.32555950357	4.27916354269	18.7104650189	-8.94791259321	-0.878626773541	-0.926109805333	-1
115	-2.7065179377	1.47302362922	7.3252393471	2.16979861224	-3.98676487514	-0.42147815779	0.99522405626	-1
116	-2.79107666062	3.93831141377	7.79010892546	15.5102967918	-10.9921290692	-0.343382471501	-0.715066171486	-1
117	1.11354027329	-5.07282352876	1.23997194023	25.733538554	-5.64879329856	0.897267292552	0.935743655122	-1
118	-1.04801496451	-1.89604541865	1.09833536585	3.59498822959	1.98708397215	-0.866433821074	-0.947571159798	1
119	2.76664868164	-4.52671776104	7.65434492761	20.4911736881	-12.5238377257	0.366220393986	0.982812560743	-1
120	-3.78228258267	-4.87038439293	14.3056615352	23.7206441349	18.4211700603	0.597748688374	0.987544666918	1
121	-1.44280565408	-2.32071981083	2.08168815544	5.3857404404	3.34834766461	-0.991820369296	-0.731741022977	1
122	-4.66088238704	0.500448744742	21.7238246258	0.250448946114	-2.33253273998	0.998673828646	0.47981930088	1
123	-2.38322015539	0.454782078276	5.67973830907	0.206826738721	-1.08384581526	-0.687740861323	0.439266552781	1
124	-4.21068069387	0.821640183429	17.7298319057	0.675092591025	-3.45966445767	0.876762285607	0.73226381368	-1
125	-0.629428960272	1.55515533677	0.396180816029	2.41850812147	-0.978859806683	-0.588683246103	0.999877682209	-1
126	-4.22656305862	5.24512947231	17.8638352885	27.5113831813	-22.1688704653	0.884289595782	-0.861418422245	-1
127	2.13361087769	-3.17264841642	4.55229537738	10.0656979742	-6.76919717235	0.845756706554	0.0310507710616	-1
128	1.77547548617	2.85292529762	3.152313202	8.13918275378	5.0652989298	0.979126246741	0.284674973589	1
129	0.401158393141	-0.405355691752	0.160928056388	0.164313236836	-0.162611837954	0.390485031533	-0.394345652581	-1
130	-3.59872187091	-3.89006266257	12.9507991042	15.1325875187	13.999253583	0.441373909139	0.680518485245	1
131	-4.52401700779	-1.39589584499	20.4667298868	1.94852521006	6.31505654384	0.982310401051	-0.984743860956	1
132	-3.99181095978	-4.81296055509	15.9345547386	23.1645893049	19.2124286928	0.751424465644	0.994946940493	1
133	-1.75849991397	3.52472089987	3.09232194743	12.4236574219	-6.19822139918	-0.98243534342	-0.373823741464	-1
134	-4.03970211292	4.0100504738	16.3191931611	16.0805048024	-16.1994093719	0.78215033154	-0.763333590044	-1
135	-5.1364565031	3.48751947461	26.3831854082	12.1627920858	-17.9134920851	0.911422816581	-0.339068740379	-1
136	2.17091046893	-3.42323220043	4.71285226411	11.7185186981	-7.43153062149	0.825271160036	0.277930971828	-1
137	4.13772260318	-0.318219557287	17.1207483409	0.10126368664	-1.31670425496	-0.839373691398	-0.312876003642	-1
138	-4.03689897967	-1.41394707424	16.2965533721	1.99924632875	5.70796150132	0.780400657292	-0.987724353776	1
139	3.97206035022	-0.676604339149	15.7772634258	0.457793431756	-2.68751326832	-0.738246927511	-0.626149030703	-1
140	1.8872490097	0.952220827658	3.5617088246	0.906724504626	1.79707781401	0.950345310755	0.814705315708	1
141	2.86842405923	1.8947866963	8.22785658356	3.59021662448	5.43505174677	0.269783891618	0.947972627252	1
142	-0.966047705608	-2.4664466404	0.93324816951	6.08335902994	2.38270511796	-0.822645046379	-0.625011303577	1
143	-3.38940498106	-1.57195832389	11.4880661257	2.47105297204	5.32800337301	0.245283705832	-0.999999324881	1
144	-0.615716772944	-4.27750276274	0.379107144485	18.2970298853	2.63373019734	-0.577543815134	0.906917985498	-1
145	-4.24091975164	2.29379746164	17.9854003398	5.26150679502	-9.72781096132	0.890901932601	0.749823444114	-1
146	0.709613357209	5.28246242112	0.503551116729	27.9044092306	3.74850589298	0.651540507154	-0.841861341917	-1
147	-0.830169476168	-3.20563880834	0.68918135916	10.2761201695	2.6612234903	-0.738045735869	0.0640023784701	1
148	2.44931754215	-3.28167984101	5.99915642228	10.7694225789	-8.0378760023	0.638290203941	0.13962944849	-1
149	-3.57338214433	-4.64961352255	12.7690599494	21.6189059091	16.6148459395	0.418496719882	0.998030267928	1
150	-1.66897414446	-3.7147013899	2.78547469486	13.7990064161	6.19974057412	-0.995184427986	0.542246685086	1
151	0.80020077154	-2.61934689843	0.640321274773	6.86097817434	-2.09600340906	0.71749595532	-0.498827792616	-1
152	4.73865524638	-4.73688758642	22.454853544	22.4381040064	-22.4464772129	-0.999655061468	0.99969992416	-1
153	4.990855182	3.44708656914	24.9086354477	11.8824058152	17.2039098664	-0.961478181532	-0.300764258408	1
154	2.59802140843	-4.7294732337	6.74971523866	22.3679170683	-12.2872727117	0.517195794531	0.999854067694	-1
155	-1.15294505658	-2.52893192479	1.3292823035	6.3954966802	2.91571956112	-0.913962998787	-0.575046290817	1
156	2.22056228859	1.74048226747	4.93089687752	3.02927852339	3.86484928712	0.796225413483	0.985637851597	1
157	-4.33589713675	-0.910775901055	18.8000039805	0.829512741943	3.9490306216	0.929960165306	-0.789979707967	1
158	5.21988585391	-2.2831770284	27.2472083278	5.212897343	-11.9179234725	-0.873963741611	-0.756807906656	-1
159	0.928113640717	-0.590944908725	0.861394930085	0.349215885148	-0.5484640307	0.800490785648	-0.557145937519	1
160	-0.589124839008	-3.07193831737	0.347068075936	9.4368050257	1.80975516666	-0.555633603076	-0.0695980259203	1
161	-2.40361555646	-3.0196108577	5.77736774324	9.11804973192	7.257983632	-0.672792682844	-0.121679514993	1
162	-3.70717847659	0.603072278125	13.7431722573	0.363696172643	-2.23569656929	0.535910503533	0.567175465164	-1
163	-1.70797645511	1.88125420027	2.91718357119	3.53911736602	-3.21313788012	-0.990605552434	0.952193791806	-1
164	4.90456869936	-3.38580842979	24.0547941268	11.4636987233	-16.6059300468	-0.981590243289	0.241795445505	-1
165	0.875831777581	-0.367575751347	0.767081302621	0.135111932979	-0.321934523698	0.768076403477	-0.359354178264	1
166	2.25541756076	-3.25946536463	5.08690837337	10.6241144632	-7.35145542206	0.774658626586	0.11759994716	-1
167	3.51146529729	4.88867987362	12.3303885341	23.8991909067	17.1664297258	-0.361496691273	-0.984500963474	1
168	4.02183518166	4.20486629959	16.1751582284	17.6809005974	16.9112792179	-0.770893383266	-0.873951199215	1
169	-5.06446705631	1.63454907342	25.6488265645	2.67175067341	-8.27811993425	0.938658117388	0.997968481866	-1
170	1.96370354886	4.675755521	3.85613162781	21.8626896922	9.1817977102	0.923799860629	-0.999329069865	1
171	3.36570041122	-2.84869690039	11.3279392581	8.11507403029	-9.58786032908	-0.222236520834	-0.288725860086	-1
172	1.19183497608	1.73465848717	1.4204706102	3.00904006712	2.06742665656	0.929049390868	0.986604609569	1
173	-2.09794677311	0.641900661038	4.40138066282	0.412036458641	-1.34667342048	-0.864244109983	0.598718873912	-1
174	0.708896248674	1.30807497536	0.502533891385	1.71106014116	0.927289443017	0.650996331212	0.965686794048	1
175	0.973160332515	-2.83178156359	0.94704103278	8.01898682387	-2.75577748803	0.826668125501	-0.304878725669	-1
176	2.36065106704	-1.82680540058	5.57267346033	3.33721797157	-4.31245011815	0.703948493967	-0.967408268852	-1
177	-0.926707312996	-4.79287291764	0.85878644396	22.9716308046	4.44159038303	-0.799647118764	0.996762915884	1
178	-4.63206319222	3.53931157331	21.4560094167	12.526726413	-16.3943148645	0.996775618142	-0.38731631693	-1
179	3.04496332382	-3.38143667581	9.27180164343	11.4341139925	-10.2963506597	0.0964790249507	0.237551116392	-1
180	2.7137699127	1.93465043538	7.36454713908	3.74287230712	5.25019614313	0.414890761955	0.934532172924	1
181	-1.84556364504	1.56513317135	3.40610516788	2.44964184406	-2.88855288068	-0.962488355594	0.999983964378	-1
182	-1.34515625555	3.30445407712	1.80944535186	10.9194167478	-4.44500707303	-0.97465110343	-0.162142425912	-1
183	4.80445495226	-0.959884185507	23.0827873882	0.921377649586	-4.61172032865	-0.995764921108	-0.819125140881	-1
184	-5.2465631027	-2.79838194383	27.5264243906	7.83094150354	14.6818874537	0.860689402182	-0.336512279647	1
185	-2.87684573851	1.37366693187	8.27624140316	1.88696083971	-3.95182785908	-0.261665009409	0.980632840193	-1
186	-1.98882305183	0.545699784453	3.9554171315	0.297788254752	-1.0853003107	-0.913891785584	0.519016368305	-1
187	0.330924579673	0.524619771111	0.109511077432	0.27522590424	0.173609577243	0.324917581287	0.50088394729	-1
188	-0.939524925679	-3.50789185572	0.882707085971	12.3053052714	3.29575183504	-0.807277816139	0.358162608466	1
189	-3.48281226083	0.43495657009	12.1299812442	0.189187217864	-1.51487207524	0.334636634254	0.421371015685	1
190	1.66193918138	-3.81724233343	2.7620418426	14.5713390322	-6.34402459875	0.995849364507	0.625404394382	-1
191	-2.98835002417	-3.28166217376	8.93023586697	10.7693066227	9.80675523629	-0.152643559396	0.139611954294	1
192	3.05254555172	3.51595787039	9.3180343453	12.3619597463	10.7326215573	0.088929467044	-0.365681784721	1
193	4.26123230747	-2.1628042665	18.1581007782	4.67772229518	-9.21621141514	-0.899943387263	-0.829821865362	-1
194	2.76662529583	0.895492161626	7.65421552754	0.801906211534	2.47749126657	0.366242155036	0.780516843024	1
195	4.75996103566	2.70288141219	22.657229061	7.30556792836	12.865610206	-0.998868663163	0.424773105181	1
196	-4.90246198042	2.032957522	24.0341334695	4.13291628624	-9.9664969594	0.981990445794	0.89509094713	-1
197	-2.44017043941	1.91726415029	5.95443177339	3.67590182199	-4.67845130409	-0.645304804744	0.940578025979	-1
198	-4.31569370612	5.06461349396	18.6252121651	25.6503098432	-21.8573205798	0.922342882932	-0.938607608424	-1
199	0.888848111136	-3.53472039456	0.79005096467	12.4942482677	-3.1418295461	0.776346219455	0.383079426721	-1
